pickup_zip,dropoff_zip,distance_miles
4947,24818,781.8
24818,4947,781.8
4947,57233,1330.1
57233,4947,1330.1
4947,18503,370.9
18503,4947,370.9
4947,47454,948.6
47454,4947,948.6
4947,37385,995.3
37385,4947,995.3
4947,35640,1147.3
35640,4947,1147.3
4947,34747,1311.2
34747,4947,1311.2
4947,35750,1108.5
35750,4947,1108.5
4947,50007,1192.2
50007,4947,1192.2
4947,59910,2081.4
59910,4947,2081.4
4947,27814,753.7
27814,4947,753.7
4947,55305,1132.5
55305,4947,1132.5
4947,54858,1080.5
54858,4947,1080.5
4947,7029,356.5
7029,4947,356.5
4947,64625,1254.7
64625,4947,1254.7
4947,11368,347.9
11368,4947,347.9
4947,25203,772.4
25203,4947,772.4
4947,49240,723.2
49240,4947,723.2
4947,48875,747.0
48875,4947,747.0
4947,44502,592.4
44502,4947,592.4
4947,75287,1643.5
75287,4947,1643.5
4947,97416,2617.0
97416,4947,2617.0
4947,95646,2565.6
95646,4947,2565.6
4947,72661,1308.0
72661,4947,1308.0
4947,91762,2603.2
91762,4947,2603.2
4947,19560,429.9
19560,4947,429.9
4947,66851,1451.4
66851,4947,1451.4
4947,53150,902.5
53150,4947,902.5
4947,56304,1157.2
56304,4947,1157.2
4947,6389,257.9
6389,4947,257.9
4947,51563,1294.8
51563,4947,1294.8
4947,46055,874.0
46055,4947,874.0
4947,17936,427.9
17936,4947,427.9
4947,16151,560.2
16151,4947,560.2
4947,49323,791.3
49323,4947,791.3
4947,82646,1812.1
82646,4947,1812.1
4947,2464,194.1
2464,4947,194.1
4947,2188,198.4
2188,4947,198.4
4947,30281,1085.8
30281,4947,1085.8
4947,41265,818.1
41265,4947,818.1
4947,94063,2707.8
94063,4947,2707.8
4947,79014,1693.0
79014,4947,1693.0
4947,31031,1092.7
31031,4947,1092.7
4947,35006,1207.3
35006,4947,1207.3
4947,97345,2530.8
97345,4947,2530.8
4947,75494,1575.9
75494,4947,1575.9
4947,73639,1634.6
73639,4947,1634.6
4947,59425,1970.0
59425,4947,1970.0
4947,90058,2632.1
90058,4947,2632.1
4947,30666,1042.4
30666,4947,1042.4
4947,81062,1791.3
81062,4947,1791.3
4947,76308,1686.6
76308,4947,1686.6
4947,64433,1283.3
64433,4947,1283.3
4947,24014,737.3
24014,4947,737.3
4947,96106,2558.1
96106,4947,2558.1
4947,12577,317.0
12577,4947,317.0
4947,52077,1071.3
52077,4947,1071.3
4947,60654,899.4
60654,4947,899.4
4947,90266,2645.1
90266,4947,2645.1
4947,53065,910.8
53065,4947,910.8
4947,78363,1945.7
78363,4947,1945.7
4947,14150,452.5
14150,4947,452.5
4947,11225,355.7
11225,4947,355.7
4947,11207,353.7
11207,4947,353.7
4947,18709,385.4
18709,4947,385.4
4947,87730,1875.6
87730,4947,1875.6
4947,23055,649.8
23055,4947,649.8
4947,5346,179.7
5346,4947,179.7
4947,45827,763.4
45827,4947,763.4
4947,68430,1368.8
68430,4947,1368.8
4947,97141,2560.0
97141,4947,2560.0
4947,20748,550.4
20748,4947,550.4
4947,95975,2602.7
95975,4947,2602.7
4947,78632,1820.3
78632,4947,1820.3
4947,53928,943.5
53928,4947,943.5
4947,76934,1879.0
76934,4947,1879.0
4947,38869,1229.9
38869,4947,1229.9
4947,13674,301.3
13674,4947,301.3
4947,61571,1016.0
61571,4947,1016.0
4947,60560,944.5
60560,4947,944.5
4947,84029,2166.7
84029,4947,2166.7
4947,65775,1264.7
65775,4947,1264.7
4947,16036,547.3
16036,4947,547.3
4947,19145,434.4
19145,4947,434.4
4947,29493,1002.7
29493,4947,1002.7
4947,45005,813.0
45005,4947,813.0
4947,30106,1087.4
30106,4947,1087.4
4947,10465,342.4
10465,4947,342.4
4947,83121,2018.1
83121,4947,2018.1
4947,41833,863.0
41833,4947,863.0
4947,38751,1350.0
38751,4947,1350.0
4947,18816,364.8
18816,4947,364.8
4947,16803,485.3
16803,4947,485.3
4947,76034,1662.2
76034,4947,1662.2
4947,17343,508.0
17343,4947,508.0
4947,8009,435.8
8009,4947,435.8
4947,61433,1056.0
61433,4947,1056.0
4947,49048,787.0
49048,4947,787.0
4947,58707,1484.0
58707,4947,1484.0
4947,19956,524.5
19956,4947,524.5
4947,37397,1052.4
37397,4947,1052.4
4947,66524,1365.4
66524,4947,1365.4
4947,7833,376.2
7833,4947,376.2
4947,96080,2634.4
96080,4947,2634.4
4947,60464,915.9
60464,4947,915.9
4947,60470,965.9
60470,4947,965.9
4947,78724,1798.5
78724,4947,1798.5
4947,32066,1252.3
32066,4947,1252.3
4947,74880,1513.6
74880,4947,1513.6
4947,70776,1523.0
70776,4947,1523.0
4947,8846,376.2
8846,4947,376.2
4947,64441,1258.8
64441,4947,1258.8
4947,13687,229.3
13687,4947,229.3
4947,50173,1144.9
50173,4947,1144.9
4947,97396,2558.5
97396,4947,2558.5
4947,15690,560.8
15690,4947,560.8
4947,98057,2449.5
98057,4947,2449.5
4947,87753,1919.2
87753,4947,1919.2
4947,84013,2132.7
84013,4947,2132.7
4947,95237,2635.2
95237,4947,2635.2
4947,63010,1133.2
63010,4947,1133.2
4947,8628,403.3
8628,4947,403.3
4947,62692,1073.7
62692,4947,1073.7
4947,70003,1501.8
70003,4947,1501.8
4947,33185,1447.5
33185,4947,1447.5
4947,99040,2251.4
99040,4947,2251.4
4947,53202,888.3
53202,4947,888.3
4947,71675,1397.7
71675,4947,1397.7
4947,73945,1705.0
73945,4947,1705.0
4947,38326,1174.5
38326,4947,1174.5
4947,95608,2629.4
95608,4947,2629.4
4947,43788,671.6
43788,4947,671.6
4947,5667,118.4
5667,4947,118.4
4947,99036,2224.5
99036,4947,2224.5
4947,36322,1266.4
36322,4947,1266.4
4947,45336,779.2
45336,4947,779.2
4947,54470,969.8
54470,4947,969.8
4947,71658,1394.8
71658,4947,1394.8
4947,5048,147.8
5048,4947,147.8
4947,30663,1061.6
30663,4947,1061.6
4947,13163,303.7
13163,4947,303.7
4947,70049,1513.7
70049,4947,1513.7
4947,38079,1167.3
38079,4947,1167.3
4947,93723,2621.2
93723,4947,2621.2
4947,60510,933.3
60510,4947,933.3
4947,52583,1194.3
52583,4947,1194.3
4947,20204,549.0
20204,4947,549.0
4947,14861,382.0
14861,4947,382.0
4947,44089,661.1
44089,4947,661.1
4947,85709,2348.6
85709,4947,2348.6
4947,32612,1250.3
32612,4947,1250.3
4947,32438,1296.7
32438,4947,1296.7
4947,16686,505.4
16686,4947,505.4
4947,57551,1560.5
57551,4947,1560.5
4947,65755,1296.6
65755,4947,1296.6
4947,99721,3181.8
99721,4947,3181.8
4947,89002,2403.4
89002,4947,2403.4
4947,21133,515.5
21133,4947,515.5
4947,70639,1587.0
70639,4947,1587.0
4947,78074,1867.2
78074,4947,1867.2
4947,95307,2644.9
95307,4947,2644.9
4947,24211,841.8
24211,4947,841.8
4947,5405,150.5
5405,4947,150.5
4947,3054,163.4
3054,4947,163.4
4947,20722,544.1
20722,4947,544.1
4947,11769,330.8
11769,4947,330.8
4947,94533,2673.0
94533,4947,2673.0
4947,78753,1797.1
78753,4947,1797.1
4947,53007,895.7
53007,4947,895.7
4947,68601,1385.8
68601,4947,1385.8
4947,8008,425.5
8008,4947,425.5
4947,77080,1729.7
77080,4947,1729.7
4947,51460,1281.6
51460,4947,1281.6
4947,75791,1604.5
75791,4947,1604.5
4947,54420,986.3
54420,4947,986.3
4947,62560,1066.8
62560,4947,1066.8
4947,95817,2638.0
95817,4947,2638.0
4947,17037,484.1
17037,4947,484.1
4947,54304,876.1
54304,4947,876.1
4947,48601,686.5
48601,4947,686.5
4947,59762,2062.1
59762,4947,2062.1
4947,37726,977.4
37726,4947,977.4
4947,46156,868.4
46156,4947,868.4
4947,61875,985.5
61875,4947,985.5
4947,90280,2633.1
90280,4947,2633.1
4947,24087,749.2
24087,4947,749.2
4947,38504,964.3
38504,4947,964.3
4947,41049,834.4
41049,4947,834.4
4947,50441,1154.5
50441,4947,1154.5
4947,71720,1420.3
71720,4947,1420.3
4947,71079,1465.8
71079,4947,1465.8
4947,68959,1483.6
68959,4947,1483.6
4947,55430,1125.1
55430,4947,1125.1
4947,20723,530.4
20723,4947,530.4
4947,23175,607.5
23175,4947,607.5
4947,42326,1024.0
42326,4947,1024.0
4947,49872,818.9
49872,4947,818.9
4947,62621,1097.4
62621,4947,1097.4
4947,37616,893.5
37616,4947,893.5
24818,57233,949.4
57233,24818,949.4
24818,18503,412.2
18503,24818,412.2
24818,47454,271.1
47454,24818,271.1
24818,37385,213.6
37385,24818,213.6
24818,35640,369.3
35640,24818,369.3
24818,34747,640.7
34747,24818,640.7
24818,35750,332.4
35750,24818,332.4
24818,50007,700.0
50007,24818,700.0
24818,59910,1786.5
59910,24818,1786.5
24818,27814,302.8
27814,24818,302.8
24818,55305,795.4
55305,24818,795.4
24818,54858,781.9
54858,24818,781.9
24818,7029,455.4
7029,24818,455.4
24818,64625,674.4
64625,24818,674.4
24818,11368,469.9
11368,24818,469.9
24818,25203,31.8
25203,24818,31.8
24818,49240,349.6
49240,24818,349.6
24818,48875,402.2
48875,24818,402.2
24818,44502,245.4
44502,24818,245.4
24818,75287,915.5
75287,24818,915.5
24818,97416,2229.2
97416,24818,2229.2
24818,95646,2077.8
95646,24818,2077.8
24818,72661,611.2
72661,24818,611.2
24818,91762,2025.2
91762,24818,2025.2
24818,19560,363.6
19560,24818,363.6
24818,66851,836.0
66851,24818,836.0
24818,53150,500.5
53150,24818,500.5
24818,56304,843.0
56304,24818,843.0
24818,6389,575.3
6389,24818,575.3
24818,51563,793.3
51563,24818,793.3
24818,46055,279.6
46055,24818,279.6
24818,17936,356.9
17936,24818,356.9
24818,16151,275.2
16151,24818,275.2
24818,49323,416.1
49323,24818,416.1
24818,82646,1374.7
82646,24818,1374.7
24818,2464,639.9
2464,24818,639.9
24818,2188,648.8
2188,24818,648.8
24818,30281,314.2
30281,24818,314.2
24818,41265,60.1
41265,24818,60.1
24818,94063,2210.6
94063,24818,2210.6
24818,79014,1042.2
79014,24818,1042.2
24818,31031,340.2
31031,24818,340.2
24818,35006,426.1
35006,24818,426.1
24818,97345,2167.8
97345,24818,2167.8
24818,75494,835.4
75494,24818,835.4
24818,73639,970.1
73639,24818,970.1
24818,59425,1686.0
59425,24818,1686.0
24818,90058,2057.0
90058,24818,2057.0
24818,30666,274.6
30666,24818,274.6
24818,81062,1217.3
81062,24818,1217.3
24818,76308,983.8
76308,24818,983.8
24818,64433,725.9
64433,24818,725.9
24818,24014,97.7
24014,24818,97.7
24818,96106,2093.2
96106,24818,2093.2
24818,12577,479.3
12577,24818,479.3
24818,52077,636.0
52077,24818,636.0
24818,60654,435.6
60654,24818,435.6
24818,90266,2069.4
90266,24818,2069.4
24818,53065,555.4
53065,24818,555.4
24818,78363,1175.6
78363,24818,1175.6
24818,14150,399.1
14150,24818,399.1
24818,11225,462.5
11225,24818,462.5
24818,11207,465.6
11207,24818,465.6
24818,18709,397.6
18709,24818,397.6
24818,87730,1254.2
87730,24818,1254.2
24818,23055,186.9
23055,24818,186.9
24818,5346,607.8
5346,24818,607.8
24818,45827,274.7
45827,24818,274.7
24818,68430,833.8
68430,24818,833.8
24818,97141,2222.9
97141,24818,2222.9
24818,20748,268.0
20748,24818,268.0
24818,95975,2131.0
95975,24818,2131.0
24818,78632,1061.8
78632,24818,1061.8
24818,53928,563.6
53928,24818,563.6
24818,76934,1159.2
76934,24818,1159.2
24818,38869,462.0
38869,24818,462.0
24818,13674,514.1
13674,24818,514.1
24818,61571,470.0
61571,24818,470.0
24818,60560,455.9
60560,24818,455.9
24818,84029,1688.9
84029,24818,1688.9
24818,65775,568.2
65775,24818,568.2
24818,16036,264.8
16036,24818,264.8
24818,19145,381.9
19145,24818,381.9
24818,29493,317.6
29493,24818,317.6
24818,45005,196.7
45005,24818,196.7
24818,30106,310.2
30106,24818,310.2
24818,10465,473.7
10465,24818,473.7
24818,83121,1560.3
83121,24818,1560.3
24818,41833,84.4
41833,24818,84.4
24818,38751,584.6
38751,24818,584.6
24818,18816,417.0
18816,24818,417.0
24818,16803,297.9
16803,24818,297.9
24818,76034,934.9
76034,24818,934.9
24818,17343,279.4
17343,24818,279.4
24818,8009,390.9
8009,24818,390.9
24818,61433,502.2
61433,24818,502.2
24818,49048,381.9
49048,24818,381.9
24818,58707,1233.3
58707,24818,1233.3
24818,19956,337.8
19956,24818,337.8
24818,37397,272.8
37397,24818,272.8
24818,66524,759.3
66524,24818,759.3
24818,7833,418.1
7833,24818,418.1
24818,96080,2185.8
96080,24818,2185.8
24818,60464,435.2
60464,24818,435.2
24818,60470,448.4
60470,24818,448.4
24818,78724,1045.6
78724,24818,1045.6
24818,32066,529.4
32066,24818,529.4
24818,74880,820.8
74880,24818,820.8
24818,70776,742.3
70776,24818,742.3
24818,8846,433.9
8846,24818,433.9
24818,64441,706.4
64441,24818,706.4
24818,13687,590.2
13687,24818,590.2
24818,50173,661.8
50173,24818,661.8
24818,97396,2213.2
97396,24818,2213.2
24818,15690,237.5
15690,24818,237.5
24818,98057,2153.2
98057,24818,2153.2
24818,87753,1297.2
87753,24818,1297.2
24818,84013,1643.4
84013,24818,1643.4
24818,95237,2144.3
95237,24818,2144.3
24818,63010,481.7
63010,24818,481.7
24818,8628,409.6
8628,24818,409.6
24818,62692,470.1
62692,24818,470.1
24818,70003,720.0
70003,24818,720.0
24818,33185,821.2
33185,24818,821.2
24818,99040,1960.1
99040,24818,1960.1
24818,53202,500.3
53202,24818,500.3
24818,71675,642.5
71675,24818,642.5
24818,73945,1080.4
73945,24818,1080.4
24818,38326,411.0
38326,24818,411.0
24818,95608,2147.7
95608,24818,2147.7
24818,43788,152.1
43788,24818,152.1
24818,5667,666.3
5667,24818,666.3
24818,99036,1923.0
99036,24818,1923.0
24818,36322,496.7
36322,24818,496.7
24818,45336,241.6
45336,24818,241.6
24818,54470,689.7
54470,24818,689.7
24818,71658,634.0
71658,24818,634.0
24818,5048,634.7
5048,24818,634.7
24818,30663,297.0
30663,24818,297.0
24818,13163,489.8
13163,24818,489.8
24818,70049,732.1
70049,24818,732.1
24818,38079,441.6
38079,24818,441.6
24818,93723,2100.4
93723,24818,2100.4
24818,60510,460.5
60510,24818,460.5
24818,52583,656.4
52583,24818,656.4
24818,20204,265.7
20204,24818,265.7
24818,14861,405.4
14861,24818,405.4
24818,44089,263.8
44089,24818,263.8
24818,85709,1702.9
85709,24818,1702.9
24818,32612,550.4
32612,24818,550.4
24818,32438,535.2
32438,24818,535.2
24818,16686,278.6
16686,24818,278.6
24818,57551,1123.4
57551,24818,1123.4
24818,65755,609.3
65755,24818,609.3
24818,99721,3336.1
99721,24818,3336.1
24818,89002,1842.3
89002,24818,1842.3
24818,21133,287.9
21133,24818,287.9
24818,70639,817.5
70639,24818,817.5
24818,78074,1118.0
78074,24818,1118.0
24818,95307,2142.5
95307,24818,2142.5
24818,24211,68.3
24211,24818,68.3
24818,5405,646.1
5405,24818,646.1
24818,3054,644.7
3054,24818,644.7
24818,20722,270.1
20722,24818,270.1
24818,11769,504.3
11769,24818,504.3
24818,94533,2188.4
94533,24818,2188.4
24818,78753,1045.3
78753,24818,1045.3
24818,53007,509.4
53007,24818,509.4
24818,68601,881.8
68601,24818,881.8
24818,8008,423.6
8008,24818,423.6
24818,77080,962.4
77080,24818,962.4
24818,51460,803.3
51460,24818,803.3
24818,75791,855.6
75791,24818,855.6
24818,54420,663.3
54420,24818,663.3
24818,62560,448.2
62560,24818,448.2
24818,95817,2155.5
95817,24818,2155.5
24818,17037,298.1
17037,24818,298.1
24818,54304,581.9
54304,24818,581.9
24818,48601,417.2
48601,24818,417.2
24818,59762,1712.9
59762,24818,1712.9
24818,37726,202.7
37726,24818,202.7
24818,46156,245.8
46156,24818,245.8
24818,61875,405.0
61875,24818,405.0
24818,90280,2057.0
90280,24818,2057.0
24818,24087,80.1
24087,24818,80.1
24818,38504,191.4
38504,24818,191.4
24818,41049,119.7
41049,24818,119.7
24818,50441,707.7
50441,24818,707.7
24818,71720,672.7
71720,24818,672.7
24818,71079,709.1
71079,24818,709.1
24818,68959,949.5
68959,24818,949.5
24818,55430,794.6
55430,24818,794.6
24818,20723,278.9
20723,24818,278.9
24818,23175,274.2
23175,24818,274.2
24818,42326,297.3
42326,24818,297.3
24818,49872,644.9
49872,24818,644.9
24818,62621,503.2
62621,24818,503.2
24818,37616,113.9
37616,24818,113.9
57233,18503,1118.9
18503,57233,1118.9
57233,47454,701.2
47454,57233,701.2
57233,37385,941.3
37385,57233,941.3
57233,35640,890.1
35640,57233,890.1
57233,34747,1417.2
34747,57233,1417.2
57233,35750,873.5
35750,57233,873.5
57233,50007,267.8
50007,57233,267.8
57233,59910,837.7
59910,57233,837.7
57233,27814,1250.9
27814,57233,1250.9
57233,55305,197.6
55305,57233,197.6
57233,54858,251.7
54858,57233,251.7
57233,7029,1208.7
7029,57233,1208.7
57233,64625,377.1
64625,57233,377.1
57233,11368,1223.4
11368,57233,1223.4
57233,25203,921.6
25203,57233,921.6
57233,49240,682.2
49240,57233,682.2
57233,48875,634.3
48875,57233,634.3
57233,44502,882.2
44502,57233,882.2
57233,75287,794.5
75287,57233,794.5
57233,97416,1313.6
97416,57233,1313.6
57233,95646,1235.4
95646,57233,1235.4
57233,72661,610.7
72661,57233,610.7
57233,91762,1298.6
91762,57233,1298.6
57233,19560,1131.7
19560,57233,1131.7
57233,66851,434.5
66851,57233,434.5
57233,53150,477.5
53150,57233,477.5
57233,56304,178.3
56304,57233,178.3
57233,6389,1290.7
6389,57233,1290.7
57233,51563,222.1
51563,57233,222.1
57233,46055,669.8
46055,57233,669.8
57233,17936,1100.9
17936,57233,1100.9
57233,16151,895.0
16151,57233,895.0
57233,49323,594.8
49323,57233,594.8
57233,82646,482.1
82646,57233,482.1
57233,2464,1320.5
2464,57233,1320.5
57233,2188,1335.4
2188,57233,1335.4
57233,30281,1034.1
30281,57233,1034.1
57233,41265,895.3
41265,57233,895.3
57233,94063,1377.8
94063,57233,1377.8
57233,79014,612.4
79014,57233,612.4
57233,31031,1102.8
31031,57233,1102.8
57233,35006,939.5
35006,57233,939.5
57233,97345,1240.1
97345,57233,1240.1
57233,75494,808.4
75494,57233,808.4
57233,73639,611.6
73639,57233,611.6
57233,59425,736.6
59425,57233,736.6
57233,90058,1325.0
90058,57233,1325.0
57233,30666,1036.1
30666,57233,1036.1
57233,81062,547.2
81062,57233,547.2
57233,76308,737.4
76308,57233,737.4
57233,64433,325.8
64433,57233,325.8
57233,24014,1041.8
24014,57233,1041.8
57233,96106,1229.3
96106,57233,1229.3
57233,12577,1195.2
12577,57233,1195.2
57233,52077,315.2
52077,57233,315.2
57233,60654,524.7
60654,57233,524.7
57233,90266,1338.0
90266,57233,1338.0
57233,53065,442.9
53065,57233,442.9
57233,78363,1177.3
78363,57233,1177.3
57233,14150,930.7
14150,57233,930.7
57233,11225,1220.4
11225,57233,1220.4
57233,11207,1223.2
11207,57233,1223.2
57233,18709,1110.3
18709,57233,1110.3
57233,87730,682.4
87730,57233,682.4
57233,23055,1099.8
23055,57233,1099.8
57233,5346,1243.7
5346,57233,1243.7
57233,45827,707.9
45827,57233,707.9
57233,68430,268.0
68430,57233,268.0
57233,97141,1286.5
97141,57233,1286.5
57233,20748,1125.6
20748,57233,1125.6
57233,95975,1273.4
95975,57233,1273.4
57233,78632,1022.1
78632,57233,1022.1
57233,53928,417.8
53928,57233,417.8
57233,76934,907.0
76934,57233,907.0
57233,38869,835.9
38869,57233,835.9
57233,13674,1060.0
13674,57233,1060.0
57233,61571,483.8
61571,57233,483.8
57233,60560,496.0
60560,57233,496.0
57233,84029,836.9
84029,57233,836.9
57233,65775,612.3
65775,57233,612.3
57233,16036,928.5
16036,57233,928.5
57233,19145,1178.6
19145,57233,1178.6
57233,29493,1189.3
29493,57233,1189.3
57233,45005,755.2
45005,57233,755.2
57233,30106,1003.8
30106,57233,1003.8
57233,10465,1223.0
10465,57233,1223.0
57233,83121,687.9
83121,57233,687.9
57233,41833,913.9
41833,57233,913.9
57233,38751,843.5
38751,57233,843.5
57233,18816,1100.0
18816,57233,1100.0
57233,16803,1023.3
16803,57233,1023.3
57233,76034,801.6
76034,57233,801.6
57233,17343,1075.6
17343,57233,1075.6
57233,8009,1195.4
8009,57233,1195.4
57233,61433,458.7
61433,57233,458.7
57233,49048,618.1
49048,57233,618.1
57233,58707,318.4
58707,57233,318.4
57233,19956,1201.5
19956,57233,1201.5
57233,37397,898.6
37397,57233,898.6
57233,66524,406.7
66524,57233,406.7
57233,7833,1160.0
7833,57233,1160.0
57233,96080,1308.9
96080,57233,1308.9
57233,60464,520.1
60464,57233,520.1
57233,60470,501.0
60470,57233,501.0
57233,78724,980.4
78724,57233,980.4
57233,32066,1263.0
32066,57233,1263.0
57233,74880,633.5
74880,57233,633.5
57233,70776,1041.4
70776,57233,1041.4
57233,8846,1195.6
8846,57233,1195.6
57233,64441,325.8
64441,57233,325.8
57233,13687,1112.4
13687,57233,1112.4
57233,50173,294.2
50173,57233,294.2
57233,97396,1279.3
97396,57233,1279.3
57233,15690,947.0
15690,57233,947.0
57233,98057,1206.9
98057,57233,1206.9
57233,87753,717.7
87753,57233,717.7
57233,84013,804.5
84013,57233,804.5
57233,95237,1305.1
95237,57233,1305.1
57233,63010,554.8
63010,57233,554.8
57233,8628,1187.5
8628,57233,1187.5
57233,62692,512.3
62692,57233,512.3
57233,70003,1075.1
70003,57233,1075.1
57233,33185,1604.5
33185,57233,1604.5
57233,99040,1011.9
99040,57233,1011.9
57233,53202,485.6
53202,57233,485.6
57233,71675,807.1
71675,57233,807.1
57233,73945,566.4
73945,57233,566.4
57233,38326,812.7
38326,57233,812.7
57233,95608,1299.4
95608,57233,1299.4
57233,43788,884.9
43788,57233,884.9
57233,5667,1232.9
5667,57233,1232.9
57233,99036,975.7
99036,57233,975.7
57233,36322,1112.1
36322,57233,1112.1
57233,45336,726.6
45336,57233,726.6
57233,54470,360.3
54470,57233,360.3
57233,71658,832.7
71658,57233,832.7
57233,5048,1240.4
5048,57233,1240.4
57233,30663,1053.2
30663,57233,1053.2
57233,13163,1086.0
13163,57233,1086.0
57233,70049,1066.3
70049,57233,1066.3
57233,38079,696.9
38079,57233,696.9
57233,93723,1294.0
93723,57233,1294.0
57233,60510,494.3
60510,57233,494.3
57233,52583,334.9
52583,57233,334.9
57233,20204,1119.9
20204,57233,1119.9
57233,14861,1054.5
14861,57233,1054.5
57233,44089,790.9
44089,57233,790.9
57233,85709,1125.2
85709,57233,1125.2
57233,32612,1315.3
32612,57233,1315.3
57233,32438,1165.6
32438,57233,1165.6
57233,16686,1009.8
16686,57233,1009.8
57233,57551,233.6
57551,57233,233.6
57233,65755,587.9
65755,57233,587.9
57233,99721,2517.3
99721,57233,2517.3
57233,89002,1095.0
89002,57233,1095.0
57233,21133,1114.8
21133,57233,1114.8
57233,70639,956.8
70639,57233,956.8
57233,78074,1007.5
78074,57233,1007.5
57233,95307,1315.2
95307,57233,1315.2
57233,24211,974.1
24211,57233,974.1
57233,5405,1191.8
5405,57233,1191.8
57233,3054,1296.3
3054,57233,1296.3
57233,20722,1121.5
20722,57233,1121.5
57233,11769,1259.3
11769,57233,1259.3
57233,94533,1342.9
94533,57233,1342.9
57233,78753,974.3
78753,57233,974.3
57233,53007,476.0
53007,57233,476.0
57233,68601,211.1
68601,57233,211.1
57233,8008,1233.9
8008,57233,1233.9
57233,77080,1018.5
77080,57233,1018.5
57233,51460,188.2
51460,57233,188.2
57233,75791,855.7
75791,57233,855.7
57233,54420,347.9
54420,57233,347.9
57233,62560,538.8
62560,57233,538.8
57233,95817,1308.0
95817,57233,1308.0
57233,17037,1055.5
17037,57233,1055.5
57233,54304,460.9
54304,57233,460.9
57233,48601,677.1
48601,57233,677.1
57233,59762,773.6
59762,57233,773.6
57233,37726,874.5
37726,57233,874.5
57233,46156,703.8
46156,57233,703.8
57233,61875,550.8
61875,57233,550.8
57233,90280,1326.6
90280,57233,1326.6
57233,24087,1026.5
24087,57233,1026.5
57233,38504,869.5
38504,57233,869.5
57233,41049,832.6
41049,57233,832.6
57233,50441,242.5
50441,57233,242.5
57233,71720,782.0
71720,57233,782.0
57233,71079,834.7
71079,57233,834.7
57233,68959,288.0
68959,57233,288.0
57233,55430,205.1
55430,57233,205.1
57233,20723,1119.3
20723,57233,1119.3
57233,23175,1179.1
23175,57233,1179.1
57233,42326,739.2
42326,57233,739.2
57233,49872,513.4
49872,57233,513.4
57233,62621,482.7
62621,57233,482.7
57233,37616,959.0
37616,57233,959.0
18503,47454,606.2
47454,18503,606.2
18503,37385,625.3
37385,18503,625.3
18503,35640,780.2
35640,18503,780.2
18503,34747,963.0
34747,18503,963.0
18503,35750,742.1
35750,18503,742.1
18503,50007,927.6
50007,18503,927.6
18503,59910,1931.4
59910,18503,1931.4
18503,27814,421.6
27814,18503,421.6
18503,55305,928.0
55305,18503,928.0
18503,54858,888.8
54858,18503,888.8
18503,7029,91.4
7029,18503,91.4
18503,64625,959.4
64625,18503,959.4
18503,11368,105.2
11368,18503,105.2
18503,25203,405.1
25203,18503,405.1
18503,49240,443.2
49240,18503,443.2
18503,48875,486.0
48875,18503,486.0
18503,44502,260.0
44502,18503,260.0
18503,75287,1299.2
75287,18503,1299.2
18503,97416,2432.2
97416,18503,2432.2
18503,95646,2334.5
95646,18503,2334.5
18503,72661,971.8
72661,18503,971.8
18503,91762,2331.5
91762,18503,2331.5
18503,19560,70.6
19560,18503,70.6
18503,66851,1148.8
66851,18503,1148.8
18503,53150,647.4
53150,18503,647.4
18503,56304,964.5
56304,18503,964.5
18503,6389,184.2
6389,18503,184.2
18503,51563,1031.7
51563,18503,1031.7
18503,46055,547.8
46055,18503,547.8
18503,17936,57.5
17936,18503,57.5
18503,16151,235.7
16151,18503,235.7
18503,49323,527.9
49323,18503,527.9
18503,82646,1592.3
82646,18503,1592.3
18503,2464,237.8
2464,18503,237.8
18503,2188,249.3
2188,18503,249.3
18503,30281,715.1
30281,18503,715.1
18503,41265,452.2
41265,18503,452.2
18503,94063,2473.8
94063,18503,2473.8
18503,79014,1380.7
79014,18503,1380.7
18503,31031,724.0
31031,18503,724.0
18503,35006,838.3
35006,18503,838.3
18503,97345,2356.5
97345,18503,2356.5
18503,75494,1226.0
75494,18503,1226.0
18503,73639,1315.9
73639,18503,1315.9
18503,59425,1822.7
59425,18503,1822.7
18503,90058,2361.9
90058,18503,2361.9
18503,30666,671.9
30666,18503,671.9
18503,81062,1512.4
81062,18503,1512.4
18503,76308,1353.0
76308,18503,1353.0
18503,64433,997.8
64433,18503,997.8
18503,24014,367.5
24014,18503,367.5
18503,96106,2337.4
96106,18503,2337.4
18503,12577,80.6
12577,18503,80.6
18503,52077,820.9
52077,18503,820.9
18503,60654,619.9
60654,18503,619.9
18503,90266,2374.7
90266,18503,2374.7
18503,53065,676.1
53065,18503,676.1
18503,78363,1583.6
78363,18503,1583.6
18503,14150,197.8
14150,18503,197.8
18503,11225,103.3
11225,18503,103.3
18503,11207,105.8
11207,18503,105.8
18503,18709,14.7
18709,18503,14.7
18503,87730,1577.9
87730,18503,1577.9
18503,23055,285.6
23055,18503,285.6
18503,5346,195.7
5346,18503,195.7
18503,45827,450.6
45827,18503,450.6
18503,68430,1095.4
68430,18503,1095.4
18503,97141,2398.0
97141,18503,2398.0
18503,20748,191.2
20748,18503,191.2
18503,95975,2379.3
95975,18503,2379.3
18503,78632,1463.6
78632,18503,1463.6
18503,53928,702.8
53928,18503,702.8
18503,76934,1539.6
76934,18503,1539.6
18503,38869,867.3
38869,18503,867.3
18503,13674,161.9
13674,18503,161.9
18503,61571,719.4
61571,18503,719.4
18503,60560,661.5
60560,18503,661.5
18503,84029,1935.4
84029,18503,1935.4
18503,65775,927.8
65775,18503,927.8
18503,16036,209.2
16036,18503,209.2
18503,19145,106.2
19145,18503,106.2
18503,29493,643.2
29493,18503,643.2
18503,45005,472.8
45005,18503,472.8
18503,30106,716.6
30106,18503,716.6
18503,10465,104.3
10465,18503,104.3
18503,83121,1793.3
83121,18503,1793.3
18503,41833,494.7
41833,18503,494.7
18503,38751,988.8
38751,18503,988.8
18503,18816,26.0
18816,18503,26.0
18503,16803,123.4
16803,18503,123.4
18503,76034,1318.3
76034,18503,1318.3
18503,17343,137.6
17343,18503,137.6
18503,8009,120.1
8009,18503,120.1
18503,61433,759.7
61433,18503,759.7
18503,49048,510.6
49048,18503,510.6
18503,58707,1337.5
58707,18503,1337.5
18503,19956,197.7
19956,18503,197.7
18503,37397,684.4
37397,18503,684.4
18503,66524,1064.2
66524,18503,1064.2
18503,7833,47.3
7833,18503,47.3
18503,96080,2421.9
96080,18503,2421.9
18503,60464,632.3
60464,18503,632.3
18503,60470,674.7
60470,18503,674.7
18503,78724,1444.3
78724,18503,1444.3
18503,32066,890.5
32066,18503,890.5
18503,74880,1182.1
74880,18503,1182.1
18503,70776,1154.5
70776,18503,1154.5
18503,8846,83.9
8846,18503,83.9
18503,64441,974.2
64441,18503,974.2
18503,13687,214.0
13687,18503,214.0
18503,50173,881.0
50173,18503,881.0
18503,97396,2392.6
97396,18503,2392.6
18503,15690,209.2
15690,18503,209.2
18503,98057,2304.9
98057,18503,2304.9
18503,87753,1621.8
87753,18503,1621.8
18503,84013,1895.8
84013,18503,1895.8
18503,95237,2403.4
95237,18503,2403.4
18503,63010,807.7
63010,18503,807.7
18503,8628,90.5
8628,18503,90.5
18503,62692,761.3
62692,18503,761.3
18503,70003,1131.9
70003,18503,1131.9
18503,33185,1114.9
33185,18503,1114.9
18503,99040,2106.1
99040,18503,2106.1
18503,53202,636.9
53202,18503,636.9
18503,71675,1040.9
71675,18503,1040.9
18503,73945,1403.6
73945,18503,1403.6
18503,38326,813.1
38326,18503,813.1
18503,95608,2401.7
95608,18503,2401.7
18503,43788,317.9
43788,18503,317.9
18503,5667,258.5
5667,18503,258.5
18503,99036,2074.0
99036,18503,2074.0
18503,36322,896.1
36322,18503,896.1
18503,45336,454.4
45336,18503,454.4
18503,54470,775.4
54470,18503,775.4
18503,71658,1035.7
71658,18503,1035.7
18503,5048,223.2
5048,18503,223.2
18503,30663,691.4
30663,18503,691.4
18503,13163,115.4
13163,18503,115.4
18503,70049,1144.2
70049,18503,1144.2
18503,38079,818.6
38079,18503,818.6
18503,93723,2375.6
93723,18503,2375.6
18503,60510,654.8
60510,18503,654.8
18503,52583,912.2
52583,18503,912.2
18503,20204,188.2
20204,18503,188.2
18503,14861,70.7
14861,18503,70.7
18503,44089,348.0
44089,18503,348.0
18503,85709,2044.7
85709,18503,2044.7
18503,32612,893.6
32612,18503,893.6
18503,32438,927.7
32438,18503,927.7
18503,16686,143.8
16686,18503,143.8
18503,57551,1334.1
57551,18503,1334.1
18503,65755,963.5
65755,18503,963.5
18503,99721,3259.8
99721,18503,3259.8
18503,89002,2137.7
89002,18503,2137.7
18503,21133,152.7
21133,18503,152.7
18503,70639,1224.7
70639,18503,1224.7
18503,78074,1514.9
78074,18503,1514.9
18503,95307,2407.9
95307,18503,2407.9
18503,24211,471.0
24211,18503,471.0
18503,5405,245.9
5405,18503,245.9
18503,3054,235.3
3054,18503,235.3
18503,20722,183.7
20722,18503,183.7
18503,11769,140.5
11769,18503,140.5
18503,94533,2444.4
94533,18503,2444.4
18503,78753,1443.3
78753,18503,1443.3
18503,53007,646.0
53007,18503,646.0
18503,68601,1125.5
68601,18503,1125.5
18503,8008,144.9
8008,18503,144.9
18503,77080,1368.7
77080,18503,1368.7
18503,51460,1027.2
51460,18503,1027.2
18503,75791,1251.3
75791,18503,1251.3
18503,54420,774.7
54420,18503,774.7
18503,62560,749.0
62560,18503,749.0
18503,95817,2410.0
95817,18503,2410.0
18503,17037,114.2
17037,18503,114.2
18503,54304,663.0
54304,18503,663.0
18503,48601,442.5
48601,18503,442.5
18503,59762,1886.9
59762,18503,1886.9
18503,37726,610.9
37726,18503,610.9
18503,46156,533.7
46156,18503,533.7
18503,61875,674.7
61875,18503,674.7
18503,90280,2362.5
90280,18503,2362.5
18503,24087,378.7
24087,18503,378.7
18503,38504,598.3
38504,18503,598.3
18503,41049,476.0
41049,18503,476.0
18503,50441,905.6
50441,18503,905.6
18503,71720,1066.6
71720,18503,1066.6
18503,71079,1108.8
71079,18503,1108.8
18503,68959,1214.3
68959,18503,1214.3
18503,55430,922.9
55430,18503,922.9
18503,20723,169.2
20723,18503,169.2
18503,23175,264.1
23175,18503,264.1
18503,42326,671.7
42326,18503,671.7
18503,49872,653.3
49872,18503,653.3
18503,62621,789.6
62621,18503,789.6
18503,37616,523.0
37616,18503,523.0
47454,37385,251.7
37385,47454,251.7
47454,35640,282.2
35640,47454,282.2
47454,34747,757.2
34747,47454,757.2
47454,35750,245.7
35750,47454,245.7
47454,50007,440.6
50007,47454,440.6
47454,59910,1532.3
59910,47454,1532.3
47454,27814,569.4
27814,47454,569.4
47454,55305,571.7
55305,47454,571.7
47454,54858,573.1
54858,47454,573.1
47454,7029,673.6
7029,47454,673.6
47454,64625,403.5
64625,47454,403.5
47454,11368,689.3
11368,47454,689.3
47454,25203,251.3
25203,47454,251.3
47454,49240,286.1
49240,47454,286.1
47454,48875,310.1
48875,47454,310.1
47454,44502,356.6
44502,47454,356.6
47454,75287,695.7
75287,47454,695.7
47454,97416,1961.3
97416,47454,1961.3
47454,95646,1806.8
95646,47454,1806.8
47454,72661,365.6
72661,47454,365.6
47454,91762,1759.6
91762,47454,1759.6
47454,19560,579.6
19560,47454,579.6
47454,66851,568.1
66851,47454,568.1
47454,53150,313.9
53150,47454,313.9
47454,56304,621.2
56304,47454,621.2
47454,6389,787.7
6389,47454,787.7
47454,51563,528.0
51563,47454,528.0
47454,46055,99.1
46055,47454,99.1
47454,17936,561.0
17936,47454,561.0
47454,16151,388.4
16151,47454,388.4
47454,49323,292.6
49323,47454,292.6
47454,82646,1107.4
82646,47454,1107.4
47454,2464,844.0
2464,47454,844.0
47454,2188,855.5
2188,47454,855.5
47454,30281,364.2
30281,47454,364.2
47454,41265,211.2
41265,47454,211.2
47454,94063,1939.8
94063,47454,1939.8
47454,79014,784.3
79014,47454,784.3
47454,31031,427.0
31031,47454,427.0
47454,35006,353.0
35006,47454,353.0
47454,97345,1902.2
97345,47454,1902.2
47454,75494,627.4
75494,47454,627.4
47454,73639,715.7
73639,47454,715.7
47454,59425,1435.1
59425,47454,1435.1
47454,90058,1791.2
90058,47454,1791.2
47454,30666,352.9
30666,47454,352.9
47454,81062,948.0
81062,47454,948.0
47454,76308,746.8
76308,47454,746.8
47454,64433,455.7
64433,47454,455.7
47454,24014,368.8
24014,47454,368.8
47454,96106,1822.3
96106,47454,1822.3
47454,12577,684.5
12577,47454,684.5
47454,52077,399.8
52077,47454,399.8
47454,60654,241.1
60654,47454,241.1
47454,90266,1803.6
90266,47454,1803.6
47454,53065,373.1
53065,47454,373.1
47454,78363,1008.6
78363,47454,1008.6
47454,14150,503.5
14150,47454,503.5
47454,11225,683.1
11225,47454,683.1
47454,11207,686.3
11207,47454,686.3
47454,18709,592.5
18709,47454,592.5
47454,87730,991.5
87730,47454,991.5
47454,23055,451.7
23055,47454,451.7
47454,5346,792.9
5346,47454,792.9
47454,45827,206.6
45827,47454,206.6
47454,68430,563.9
68430,47454,563.9
47454,97141,1959.5
97141,47454,1959.5
47454,20748,514.9
20748,47454,514.9
47454,95975,1860.0
95975,47454,1860.0
47454,78632,875.4
78632,47454,875.4
47454,53928,366.6
53928,47454,366.6
47454,76934,934.1
76934,47454,934.1
47454,38869,315.9
38869,47454,315.9
47454,13674,651.0
13674,47454,651.0
47454,61571,218.6
61571,47454,218.6
47454,60560,237.5
60560,47454,237.5
47454,84029,1418.1
84029,47454,1418.1
47454,65775,321.6
65775,47454,321.6
47454,16036,403.7
16036,47454,403.7
47454,19145,611.9
19145,47454,611.9
47454,29493,491.5
29493,47454,491.5
47454,45005,135.7
45005,47454,135.7
47454,30106,338.6
30106,47454,338.6
47454,10465,691.7
10465,47454,691.7
47454,83121,1290.5
83121,47454,1290.5
47454,41833,216.7
41833,47454,216.7
47454,38751,421.3
38751,47454,421.3
47454,18816,600.9
18816,47454,600.9
47454,16803,483.1
16803,47454,483.1
47454,76034,714.5
76034,47454,714.5
47454,17343,498.7
17343,47454,498.7
47454,8009,624.7
8009,47454,624.7
47454,61433,243.0
61433,47454,243.0
47454,49048,264.1
49048,47454,264.1
47454,58707,1001.7
58707,47454,1001.7
47454,19956,591.3
19956,47454,591.3
47454,37397,233.8
37397,47454,233.8
47454,66524,489.5
66524,47454,489.5
47454,7833,628.2
7833,47454,628.2
47454,96080,1915.0
96080,47454,1915.0
47454,60464,230.1
60464,47454,230.1
47454,60470,216.4
60470,47454,216.4
47454,78724,851.6
78724,47454,851.6
47454,32066,612.4
32066,47454,612.4
47454,74880,576.4
74880,47454,576.4
47454,70776,627.3
70776,47454,627.3
47454,8846,653.8
8846,47454,653.8
47454,64441,436.9
64441,47454,436.9
47454,13687,728.4
13687,47454,728.4
47454,50173,407.4
50173,47454,407.4
47454,97396,1949.0
97396,47454,1949.0
47454,15690,397.3
15690,47454,397.3
47454,98057,1895.0
98057,47454,1895.0
47454,87753,1034.9
87753,47454,1034.9
47454,84013,1372.4
84013,47454,1372.4
47454,95237,1873.3
95237,47454,1873.3
47454,63010,213.3
63010,47454,213.3
47454,8628,634.1
8628,47454,634.1
47454,62692,201.1
62692,47454,201.1
47454,70003,625.0
70003,47454,625.0
47454,33185,948.1
33185,47454,948.1
47454,99040,1704.4
99040,47454,1704.4
47454,53202,321.5
53202,47454,321.5
47454,71675,456.7
71675,47454,456.7
47454,73945,816.7
73945,47454,816.7
47454,38326,259.7
38326,47454,259.7
47454,95608,1876.6
95608,47454,1876.6
47454,43788,289.2
43788,47454,289.2
47454,5667,830.4
5667,47454,830.4
47454,99036,1666.2
99036,47454,1666.2
47454,36322,502.2
36322,47454,502.2
47454,45336,177.5
45336,47454,177.5
47454,54470,504.6
54470,47454,504.6
47454,71658,458.8
71658,47454,458.8
47454,5048,810.7
5048,47454,810.7
47454,30663,373.7
30663,47454,373.7
47454,13163,645.1
13163,47454,645.1
47454,70049,630.0
70049,47454,630.0
47454,38079,220.0
38079,47454,220.0
47454,93723,1830.3
93723,47454,1830.3
47454,60510,249.6
60510,47454,249.6
47454,52583,390.2
52583,47454,390.2
47454,20204,511.0
20204,47454,511.0
47454,14861,571.6
14861,47454,571.6
47454,44089,294.1
44089,47454,294.1
47454,85709,1448.7
85709,47454,1448.7
47454,32612,655.0
32612,47454,655.0
47454,32438,554.9
32438,47454,554.9
47454,16686,463.0
16686,47454,463.0
47454,57551,859.4
57551,47454,859.4
47454,65755,358.2
65755,47454,358.2
47454,99721,3156.3
99721,47454,3156.3
47454,89002,1574.3
89002,47454,1574.3
47454,21133,522.9
21133,47454,522.9
47454,70639,655.3
70639,47454,655.3
47454,78074,919.2
78074,47454,919.2
47454,95307,1871.7
95307,47454,1871.7
47454,24211,278.5
24211,47454,278.5
47454,5405,800.2
5405,47454,800.2
47454,3054,838.5
3054,47454,838.5
47454,20722,514.5
20722,47454,514.5
47454,11769,726.7
11769,47454,726.7
47454,94533,1917.3
94533,47454,1917.3
47454,78753,849.8
78753,47454,849.8
47454,53007,327.9
53007,47454,327.9
47454,68601,614.2
68601,47454,614.2
47454,8008,661.9
8008,47454,661.9
47454,77080,792.3
77080,47454,792.3
47454,51460,541.6
51460,47454,541.6
47454,75791,657.4
75791,47454,657.4
47454,54420,466.3
54420,47454,466.3
47454,62560,177.9
62560,47454,177.9
47454,95817,1884.4
95817,47454,1884.4
47454,17037,500.4
17037,47454,500.4
47454,54304,420.9
54304,47454,420.9
47454,48601,362.8
48601,47454,362.8
47454,59762,1452.0
59762,47454,1452.0
47454,37726,182.7
37726,47454,182.7
47454,46156,85.1
46156,47454,85.1
47454,61875,151.9
61875,47454,151.9
47454,90280,1791.3
90280,47454,1791.3
47454,24087,351.0
24087,47454,351.0
47454,38504,174.4
38504,47454,174.4
47454,41049,153.7
41049,47454,153.7
47454,50441,459.4
50441,47454,459.4
47454,71720,474.8
71720,47454,474.8
47454,71079,524.3
71079,47454,524.3
47454,68959,678.8
68959,47454,678.8
47454,55430,573.2
55430,47454,573.2
47454,20723,519.2
20723,47454,519.2
47454,23175,539.2
23175,47454,539.2
47454,42326,93.2
42326,47454,93.2
47454,49872,518.8
49872,47454,518.8
47454,62621,234.2
62621,47454,234.2
47454,37616,258.1
37616,47454,258.1
37385,35640,166.0
35640,37385,166.0
37385,34747,508.2
34747,37385,508.2
37385,35750,136.5
35750,37385,136.5
37385,50007,675.0
50007,37385,675.0
37385,59910,1761.6
59910,37385,1761.6
37385,27814,411.9
27814,37385,411.9
37385,55305,822.2
55305,37385,822.2
37385,54858,824.8
54858,37385,824.8
37385,7029,663.5
7029,37385,663.5
37385,64625,606.9
64625,37385,606.9
37385,11368,677.4
11368,37385,677.4
37385,25203,226.5
25203,37385,226.5
37385,49240,479.0
49240,37385,479.0
37385,48875,520.3
48875,37385,520.3
37385,44502,441.8
44502,37385,441.8
37385,75287,739.7
75287,37385,739.7
37385,97416,2162.8
97416,37385,2162.8
37385,95646,1980.3
95646,37385,1980.3
37385,72661,475.1
72661,37385,475.1
37385,91762,1895.8
91762,37385,1895.8
37385,19560,574.0
19560,37385,574.0
37385,66851,730.9
66851,37385,730.9
37385,53150,561.2
53150,37385,561.2
37385,56304,871.8
56304,37385,871.8
37385,6389,783.4
6389,37385,783.4
37385,51563,750.8
51563,37385,750.8
37385,46055,327.0
46055,37385,327.0
37385,17936,569.4
17936,37385,569.4
37385,16151,474.4
16151,37385,474.4
37385,49323,516.6
49323,37385,516.6
37385,82646,1316.1
82646,37385,1316.1
37385,2464,849.6
2464,37385,849.6
37385,2188,857.7
2188,37385,857.7
37385,30281,122.1
30281,37385,122.1
37385,41265,187.1
41265,37385,187.1
37385,94063,2107.5
94063,37385,2107.5
37385,79014,905.6
79014,37385,905.6
37385,31031,177.3
31031,37385,177.3
37385,35006,214.5
35006,37385,214.5
37385,97345,2110.8
97345,37385,2110.8
37385,75494,653.7
75494,37385,653.7
37385,73639,829.6
73639,37385,829.6
37385,59425,1668.0
59425,37385,1668.0
37385,90058,1928.2
90058,37385,1928.2
37385,30666,101.8
30666,37385,101.8
37385,81062,1110.0
81062,37385,1110.0
37385,76308,821.2
76308,37385,821.2
37385,64433,663.9
64433,37385,663.9
37385,24014,273.9
24014,37385,273.9
37385,96106,2003.4
96106,37385,2003.4
37385,12577,690.3
12577,37385,690.3
37385,52077,649.0
52077,37385,649.0
37385,60654,488.3
60654,37385,488.3
37385,90266,1940.1
90266,37385,1940.1
37385,53065,620.6
53065,37385,620.6
37385,78363,970.3
78363,37385,970.3
37385,14150,601.4
14150,37385,601.4
37385,11225,669.8
11225,37385,669.8
37385,11207,672.7
11207,37385,672.7
37385,18709,610.7
18709,37385,610.7
37385,87730,1124.0
87730,37385,1124.0
37385,23055,374.1
23055,37385,374.1
37385,5346,820.7
5346,37385,820.7
37385,45827,391.0
45827,37385,391.0
37385,68430,770.6
68430,37385,770.6
37385,97141,2173.1
97141,37385,2173.1
37385,20748,468.6
20748,37385,468.6
37385,95975,2038.2
95975,37385,2038.2
37385,78632,864.3
78632,37385,864.3
37385,53928,616.7
53928,37385,616.7
37385,76934,982.6
76934,37385,982.6
37385,38869,270.3
38869,37385,270.3
37385,13674,725.0
13674,37385,725.0
37385,61571,466.1
61571,37385,466.1
37385,60560,488.8
60560,37385,488.8
37385,84029,1603.9
84029,37385,1603.9
37385,65775,437.5
65775,37385,437.5
37385,16036,470.6
16036,37385,470.6
37385,19145,587.3
19145,37385,587.3
37385,29493,250.0
29493,37385,250.0
37385,45005,289.7
45005,37385,289.7
37385,30106,105.9
30106,37385,105.9
37385,10465,681.5
10465,37385,681.5
37385,83121,1486.7
83121,37385,1486.7
37385,41833,136.3
41833,37385,136.3
37385,38751,390.4
38751,37385,390.4
37385,18816,630.5
18816,37385,630.5
37385,16803,511.4
16803,37385,511.4
37385,76034,759.0
76034,37385,759.0
37385,17343,490.7
17343,37385,490.7
37385,8009,594.3
8009,37385,594.3
37385,61433,484.5
61433,37385,484.5
37385,49048,483.4
49048,37385,483.4
37385,58707,1248.2
58707,37385,1248.2
37385,19956,529.2
19956,37385,529.2
37385,37397,73.4
37397,37385,73.4
37385,66524,666.6
66524,37385,666.6
37385,7833,628.8
7833,37385,628.8
37385,96080,2099.8
96080,37385,2099.8
37385,60464,479.4
60464,37385,479.4
37385,60470,468.1
60470,37385,468.1
37385,78724,851.8
78724,37385,851.8
37385,32066,369.2
32066,37385,369.2
37385,74880,671.2
74880,37385,671.2
37385,70776,530.5
70776,37385,530.5
37385,8846,641.9
8846,37385,641.9
37385,64441,649.7
64441,37385,649.7
37385,13687,802.0
13687,37385,802.0
37385,50173,647.6
50173,37385,647.6
37385,97396,2160.9
97396,37385,2160.9
37385,15690,446.6
15690,37385,446.6
37385,98057,2117.9
98057,37385,2117.9
37385,87753,1165.4
87753,37385,1165.4
37385,84013,1555.4
84013,37385,1555.4
37385,95237,2044.4
95237,37385,2044.4
37385,63010,402.5
63010,37385,402.5
37385,8628,616.5
8628,37385,616.5
37385,62692,429.2
62692,37385,429.2
37385,70003,506.6
70003,37385,506.6
37385,33185,698.7
33185,37385,698.7
37385,99040,1931.2
